0 97.35
6.49 84.37
6.49 311.52
12.98 84.37
12.98 149.27
12.98 292.05
12.98 298.54
12.98 305.03
12.98 311.52
12.98 318.01
12.98 324.5
19.47 279.07
19.47 285.56
19.47 292.05
19.47 298.54
19.47 305.03
19.47 311.52
19.47 318.01
19.47 324.5
19.47 330.99
19.47 337.48
25.96 116.82
25.96 123.31
25.96 129.8
25.96 136.29
25.96 142.78
25.96 272.58
25.96 279.07
25.96 285.56
25.96 292.05
25.96 298.54
25.96 305.03
25.96 311.52
25.96 318.01
25.96 324.5
25.96 330.99
25.96 337.48
25.96 343.97
32.45 97.35
32.45 103.84
32.45 110.33
32.45 116.82
32.45 123.31
32.45 129.8
32.45 136.29
32.45 142.78
32.45 155.76
32.45 266.09
32.45 272.58
32.45 279.07
32.45 285.56
32.45 292.05
32.45 298.54
32.45 305.03
32.45 311.52
32.45 318.01
32.45 324.5
32.45 330.99
32.45 337.48
32.45 343.97
32.45 350.46
38.94 58.41
38.94 84.37
38.94 90.86
38.94 97.35
38.94 103.84
38.94 110.33
38.94 116.82
38.94 123.31
38.94 129.8
38.94 136.29
38.94 142.78
38.94 149.27
38.94 266.09
38.94 272.58
38.94 279.07
38.94 285.56
38.94 292.05
38.94 298.54
38.94 305.03
38.94 311.52
38.94 318.01
38.94 324.5
38.94 330.99
38.94 337.48
38.94 343.97
38.94 350.46
45.43 77.88
45.43 84.37
45.43 90.86
45.43 97.35
45.43 103.84
45.43 110.33
45.43 116.82
45.43 123.31
45.43 129.8
45.43 136.29
45.43 142.78
45.43 155.76
45.43 259.6
45.43 266.09
45.43 272.58
45.43 279.07
45.43 285.56
45.43 292.05
45.43 298.54
45.43 305.03
45.43 311.52
45.43 318.01
45.43 324.5
45.43 330.99
45.43 337.48
45.43 343.97
45.43 350.46
45.43 356.95
51.92 64.9
51.92 71.39
51.92 77.88
51.92 84.37
51.92 90.86
51.92 97.35
51.92 103.84
51.92 110.33
51.92 116.82
51.92 123.31
51.92 129.8
51.92 136.29
51.92 142.78
51.92 149.27
51.92 259.6
51.92 266.09
51.92 272.58
51.92 279.07
51.92 285.56
51.92 292.05
51.92 298.54
51.92 305.03
51.92 311.52
51.92 318.01
51.92 324.5
51.92 330.99
51.92 337.48
51.92 343.97
51.92 350.46
51.92 356.95
58.41 58.41
58.41 64.9
58.41 71.39
58.41 77.88
58.41 84.37
58.41 90.86
58.41 97.35
58.41 103.84
58.41 110.33
58.41 116.82
58.41 123.31
58.41 129.8
58.41 136.29
58.41 142.78
58.41 149.27
58.41 155.76
58.41 253.11
58.41 259.6
58.41 266.09
58.41 272.58
58.41 279.07
58.41 285.56
58.41 292.05
58.41 298.54
58.41 305.03
58.41 311.52
58.41 318.01
58.41 324.5
58.41 330.99
58.41 337.48
58.41 343.97
58.41 350.46
58.41 356.95
58.41 376.42
58.41 382.91
64.9 45.43
64.9 58.41
64.9 64.9
64.9 71.39
64.9 77.88
64.9 84.37
64.9 90.86
64.9 97.35
64.9 103.84
64.9 110.33
64.9 116.82
64.9 123.31
64.9 129.8
64.9 136.29
64.9 142.78
64.9 149.27
64.9 155.76
64.9 253.11
64.9 259.6
64.9 266.09
64.9 272.58
64.9 279.07
64.9 285.56
64.9 292.05
64.9 298.54
64.9 305.03
64.9 311.52
64.9 318.01
64.9 324.5
64.9 330.99
64.9 337.48
64.9 343.97
64.9 350.46
64.9 356.95
64.9 363.44
71.39 45.43
71.39 51.92
71.39 58.41
71.39 64.9
71.39 71.39
71.39 77.88
71.39 84.37
71.39 90.86
71.39 97.35
71.39 103.84
71.39 110.33
71.39 116.82
71.39 123.31
71.39 129.8
71.39 136.29
71.39 142.78
71.39 149.27
71.39 155.76
71.39 162.25
71.39 253.11
71.39 259.6
71.39 266.09
71.39 272.58
71.39 279.07
71.39 285.56
71.39 292.05
71.39 298.54
71.39 305.03
71.39 311.52
71.39 318.01
71.39 324.5
71.39 330.99
71.39 337.48
71.39 343.97
71.39 350.46
71.39 356.95
77.88 45.43
77.88 51.92
77.88 58.41
77.88 64.9
77.88 71.39
77.88 77.88
77.88 84.37
77.88 90.86
77.88 97.35
77.88 103.84
77.88 110.33
77.88 116.82
77.88 123.31
77.88 129.8
77.88 136.29
77.88 142.78
77.88 149.27
77.88 155.76
77.88 162.25
77.88 246.62
77.88 253.11
77.88 259.6
77.88 266.09
77.88 272.58
77.88 279.07
77.88 285.56
77.88 292.05
77.88 298.54
77.88 305.03
77.88 311.52
77.88 318.01
77.88 324.5
77.88 330.99
77.88 337.48
77.88 343.97
77.88 350.46
77.88 356.95
84.37 45.43
84.37 51.92
84.37 58.41
84.37 64.9
84.37 71.39
84.37 77.88
84.37 84.37
84.37 90.86
84.37 97.35
84.37 103.84
84.37 110.33
84.37 116.82
84.37 123.31
84.37 129.8
84.37 136.29
84.37 142.78
84.37 149.27
84.37 155.76
84.37 162.25
84.37 253.11
84.37 259.6
84.37 266.09
84.37 272.58
84.37 279.07
84.37 285.56
84.37 292.05
84.37 298.54
84.37 305.03
84.37 311.52
84.37 318.01
84.37 324.5
84.37 330.99
84.37 337.48
84.37 343.97
84.37 350.46
84.37 356.95
90.86 51.92
90.86 58.41
90.86 64.9
90.86 71.39
90.86 77.88
90.86 84.37
90.86 90.86
90.86 97.35
90.86 103.84
90.86 110.33
90.86 116.82
90.86 123.31
90.86 129.8
90.86 136.29
90.86 142.78
90.86 149.27
90.86 155.76
90.86 162.25
90.86 246.62
90.86 253.11
90.86 259.6
90.86 266.09
90.86 272.58
90.86 279.07
90.86 285.56
90.86 292.05
90.86 298.54
90.86 305.03
90.86 311.52
90.86 318.01
90.86 324.5
90.86 330.99
90.86 337.48
90.86 343.97
90.86 350.46
97.35 51.92
97.35 58.41
97.35 64.9
97.35 71.39
97.35 77.88
97.35 84.37
97.35 90.86
97.35 97.35
97.35 103.84
97.35 110.33
97.35 116.82
97.35 123.31
97.35 129.8
97.35 136.29
97.35 142.78
97.35 149.27
97.35 155.76
97.35 162.25
97.35 246.62
97.35 253.11
97.35 259.6
97.35 266.09
97.35 272.58
97.35 279.07
97.35 285.56
97.35 292.05
97.35 298.54
97.35 305.03
97.35 311.52
97.35 318.01
97.35 324.5
97.35 330.99
97.35 337.48
97.35 343.97
97.35 350.46
97.35 363.44
97.35 376.42
103.84 51.92
103.84 58.41
103.84 64.9
103.84 71.39
103.84 77.88
103.84 84.37
103.84 90.86
103.84 97.35
103.84 103.84
103.84 110.33
103.84 116.82
103.84 123.31
103.84 129.8
103.84 136.29
103.84 142.78
103.84 149.27
103.84 155.76
103.84 162.25
103.84 253.11
103.84 266.09
103.84 279.07
103.84 285.56
103.84 292.05
103.84 298.54
103.84 305.03
103.84 311.52
103.84 318.01
103.84 324.5
103.84 330.99
103.84 337.48
103.84 343.97
103.84 363.44
103.84 369.93
110.33 58.41
110.33 64.9
110.33 71.39
110.33 77.88
110.33 84.37
110.33 90.86
110.33 97.35
110.33 103.84
110.33 110.33
110.33 116.82
110.33 123.31
110.33 129.8
110.33 136.29
110.33 142.78
110.33 149.27
110.33 155.76
110.33 162.25
110.33 259.6
110.33 272.58
110.33 279.07
110.33 285.56
110.33 292.05
110.33 298.54
110.33 305.03
110.33 311.52
110.33 318.01
110.33 324.5
110.33 330.99
110.33 337.48
110.33 343.97
110.33 369.93
116.82 64.9
116.82 71.39
116.82 77.88
116.82 84.37
116.82 90.86
116.82 97.35
116.82 103.84
116.82 110.33
116.82 116.82
116.82 123.31
116.82 129.8
116.82 136.29
116.82 142.78
116.82 149.27
116.82 155.76
116.82 162.25
116.82 214.17
116.82 285.56
116.82 292.05
116.82 298.54
116.82 305.03
116.82 311.52
116.82 318.01
116.82 324.5
116.82 337.48
116.82 343.97
116.82 350.46
116.82 356.95
116.82 369.93
123.31 71.39
123.31 77.88
123.31 84.37
123.31 90.86
123.31 97.35
123.31 103.84
123.31 110.33
123.31 116.82
123.31 123.31
123.31 129.8
123.31 136.29
123.31 142.78
123.31 149.27
123.31 155.76
123.31 162.25
123.31 292.05
123.31 298.54
123.31 305.03
123.31 324.5
123.31 330.99
123.31 337.48
123.31 343.97
123.31 350.46
123.31 363.44
129.8 77.88
129.8 84.37
129.8 90.86
129.8 97.35
129.8 103.84
129.8 110.33
129.8 142.78
129.8 149.27
129.8 155.76
136.29 90.86
136.29 97.35
136.29 149.27
136.29 155.76
142.78 103.84
142.78 142.78
142.78 149.27
149.27 142.78
149.27 149.27
155.76 129.8
155.76 136.29
155.76 142.78
162.25 110.33
162.25 356.95
175.23 337.48
188.21 194.7
233.64 337.48
246.62 64.9
246.62 311.52
246.62 337.48
253.11 292.05
253.11 298.54
253.11 305.03
253.11 311.52
253.11 318.01
253.11 324.5
253.11 330.99
253.11 337.48
253.11 343.97
259.6 71.39
259.6 77.88
259.6 84.37
259.6 90.86
259.6 97.35
259.6 279.07
259.6 285.56
259.6 292.05
259.6 298.54
259.6 305.03
259.6 311.52
259.6 318.01
259.6 324.5
259.6 330.99
259.6 337.48
259.6 343.97
259.6 350.46
259.6 356.95
266.09 51.92
266.09 58.41
266.09 64.9
266.09 71.39
266.09 77.88
266.09 84.37
266.09 90.86
266.09 97.35
266.09 103.84
266.09 259.6
266.09 272.58
266.09 279.07
266.09 285.56
266.09 292.05
266.09 298.54
266.09 305.03
266.09 311.52
266.09 318.01
266.09 324.5
266.09 330.99
266.09 337.48
266.09 343.97
266.09 350.46
266.09 356.95
266.09 363.44
272.58 45.43
272.58 51.92
272.58 58.41
272.58 64.9
272.58 71.39
272.58 77.88
272.58 84.37
272.58 90.86
272.58 97.35
272.58 103.84
272.58 110.33
272.58 259.6
272.58 266.09
272.58 272.58
272.58 279.07
272.58 285.56
272.58 292.05
272.58 298.54
272.58 305.03
272.58 311.52
272.58 318.01
272.58 324.5
272.58 330.99
272.58 337.48
272.58 343.97
272.58 350.46
272.58 356.95
272.58 363.44
279.07 45.43
279.07 51.92
279.07 58.41
279.07 64.9
279.07 71.39
279.07 77.88
279.07 84.37
279.07 90.86
279.07 97.35
279.07 103.84
279.07 110.33
279.07 116.82
279.07 253.11
279.07 259.6
279.07 266.09
279.07 272.58
279.07 279.07
279.07 285.56
279.07 292.05
279.07 298.54
279.07 305.03
279.07 311.52
279.07 318.01
279.07 324.5
279.07 330.99
279.07 337.48
279.07 343.97
279.07 350.46
279.07 356.95
279.07 363.44
285.56 38.94
285.56 45.43
285.56 51.92
285.56 58.41
285.56 64.9
285.56 71.39
285.56 77.88
285.56 84.37
285.56 90.86
285.56 97.35
285.56 103.84
285.56 110.33
285.56 116.82
285.56 246.62
285.56 253.11
285.56 259.6
285.56 266.09
285.56 272.58
285.56 279.07
285.56 285.56
285.56 292.05
285.56 298.54
285.56 305.03
285.56 311.52
285.56 318.01
285.56 324.5
285.56 330.99
285.56 337.48
285.56 343.97
285.56 350.46
285.56 356.95
285.56 363.44
292.05 25.96
292.05 38.94
292.05 45.43
292.05 51.92
292.05 58.41
292.05 64.9
292.05 71.39
292.05 77.88
292.05 84.37
292.05 90.86
292.05 97.35
292.05 103.84
292.05 110.33
292.05 116.82
292.05 123.31
292.05 227.15
292.05 233.64
292.05 240.13
292.05 246.62
292.05 253.11
292.05 259.6
292.05 266.09
292.05 272.58
292.05 279.07
292.05 285.56
292.05 292.05
292.05 298.54
292.05 305.03
292.05 311.52
292.05 318.01
292.05 324.5
292.05 330.99
292.05 337.48
292.05 343.97
292.05 350.46
292.05 356.95
292.05 363.44
292.05 369.93
292.05 376.42
298.54 32.45
298.54 38.94
298.54 45.43
298.54 51.92
298.54 58.41
298.54 64.9
298.54 71.39
298.54 77.88
298.54 84.37
298.54 90.86
298.54 97.35
298.54 103.84
298.54 110.33
298.54 116.82
298.54 123.31
298.54 129.8
298.54 155.76
298.54 227.15
298.54 233.64
298.54 240.13
298.54 246.62
298.54 253.11
298.54 259.6
298.54 266.09
298.54 272.58
298.54 279.07
298.54 285.56
298.54 292.05
298.54 298.54
298.54 305.03
298.54 311.52
298.54 318.01
298.54 324.5
298.54 330.99
298.54 337.48
298.54 343.97
298.54 350.46
298.54 356.95
298.54 363.44
298.54 369.93
298.54 376.42
305.03 38.94
305.03 45.43
305.03 51.92
305.03 58.41
305.03 64.9
305.03 71.39
305.03 77.88
305.03 84.37
305.03 90.86
305.03 97.35
305.03 103.84
305.03 110.33
305.03 116.82
305.03 123.31
305.03 129.8
305.03 136.29
305.03 142.78
305.03 233.64
305.03 240.13
305.03 246.62
305.03 253.11
305.03 259.6
305.03 266.09
305.03 272.58
305.03 279.07
305.03 285.56
305.03 292.05
305.03 298.54
305.03 305.03
305.03 311.52
305.03 318.01
305.03 324.5
305.03 330.99
305.03 337.48
305.03 343.97
305.03 350.46
305.03 356.95
305.03 363.44
305.03 369.93
305.03 376.42
305.03 382.91
311.52 32.45
311.52 38.94
311.52 45.43
311.52 51.92
311.52 58.41
311.52 64.9
311.52 71.39
311.52 77.88
311.52 84.37
311.52 90.86
311.52 97.35
311.52 103.84
311.52 110.33
311.52 116.82
311.52 123.31
311.52 129.8
311.52 136.29
311.52 142.78
311.52 233.64
311.52 240.13
311.52 246.62
311.52 253.11
311.52 259.6
311.52 266.09
311.52 272.58
311.52 279.07
311.52 285.56
311.52 292.05
311.52 298.54
311.52 305.03
311.52 311.52
311.52 318.01
311.52 324.5
311.52 330.99
311.52 337.48
311.52 343.97
311.52 350.46
311.52 356.95
311.52 363.44
311.52 369.93
311.52 376.42
311.52 382.91
318.01 45.43
318.01 51.92
318.01 58.41
318.01 64.9
318.01 71.39
318.01 77.88
318.01 84.37
318.01 90.86
318.01 97.35
318.01 103.84
318.01 110.33
318.01 116.82
318.01 123.31
318.01 129.8
318.01 136.29
318.01 142.78
318.01 233.64
318.01 240.13
318.01 246.62
318.01 253.11
318.01 259.6
318.01 266.09
318.01 272.58
318.01 279.07
318.01 285.56
318.01 292.05
318.01 298.54
318.01 305.03
318.01 311.52
318.01 318.01
318.01 324.5
318.01 330.99
318.01 337.48
318.01 343.97
318.01 350.46
318.01 356.95
318.01 363.44
318.01 369.93
318.01 376.42
318.01 382.91
324.5 51.92
324.5 58.41
324.5 64.9
324.5 71.39
324.5 77.88
324.5 84.37
324.5 90.86
324.5 97.35
324.5 103.84
324.5 110.33
324.5 116.82
324.5 123.31
324.5 129.8
324.5 136.29
324.5 142.78
324.5 149.27
324.5 162.25
324.5 233.64
324.5 240.13
324.5 246.62
324.5 253.11
324.5 259.6
324.5 266.09
324.5 272.58
324.5 279.07
324.5 285.56
324.5 292.05
324.5 298.54
324.5 305.03
324.5 311.52
324.5 318.01
324.5 324.5
324.5 330.99
324.5 337.48
324.5 343.97
324.5 350.46
324.5 356.95
324.5 363.44
324.5 369.93
324.5 376.42
324.5 382.91
330.99 58.41
330.99 64.9
330.99 71.39
330.99 77.88
330.99 84.37
330.99 90.86
330.99 97.35
330.99 103.84
330.99 110.33
330.99 116.82
330.99 123.31
330.99 129.8
330.99 136.29
330.99 142.78
330.99 149.27
330.99 155.76
330.99 246.62
330.99 253.11
330.99 259.6
330.99 266.09
330.99 272.58
330.99 279.07
330.99 285.56
330.99 292.05
330.99 298.54
330.99 305.03
330.99 311.52
330.99 318.01
330.99 324.5
330.99 330.99
330.99 337.48
330.99 343.97
330.99 350.46
330.99 356.95
330.99 363.44
330.99 369.93
330.99 376.42
337.48 64.9
337.48 71.39
337.48 77.88
337.48 84.37
337.48 90.86
337.48 97.35
337.48 103.84
337.48 110.33
337.48 116.82
337.48 123.31
337.48 129.8
337.48 136.29
337.48 142.78
337.48 149.27
337.48 155.76
337.48 162.25
337.48 266.09
337.48 272.58
337.48 279.07
337.48 285.56
337.48 292.05
337.48 298.54
337.48 305.03
337.48 311.52
337.48 318.01
337.48 324.5
337.48 330.99
337.48 337.48
337.48 343.97
337.48 350.46
337.48 356.95
337.48 363.44
337.48 369.93
337.48 376.42
343.97 71.39
343.97 77.88
343.97 84.37
343.97 90.86
343.97 97.35
343.97 103.84
343.97 110.33
343.97 116.82
343.97 123.31
343.97 129.8
343.97 136.29
343.97 142.78
343.97 149.27
343.97 155.76
343.97 162.25
343.97 272.58
343.97 279.07
343.97 285.56
343.97 292.05
343.97 298.54
343.97 305.03
343.97 311.52
343.97 318.01
343.97 324.5
343.97 330.99
343.97 337.48
343.97 343.97
343.97 350.46
343.97 356.95
343.97 363.44
343.97 369.93
350.46 71.39
350.46 77.88
350.46 84.37
350.46 90.86
350.46 97.35
350.46 103.84
350.46 110.33
350.46 116.82
350.46 123.31
350.46 129.8
350.46 136.29
350.46 142.78
350.46 149.27
350.46 155.76
350.46 285.56
350.46 311.52
350.46 318.01
350.46 324.5
350.46 330.99
350.46 337.48
350.46 356.95
350.46 363.44
350.46 369.93
356.95 84.37
356.95 90.86
356.95 97.35
356.95 103.84
356.95 110.33
356.95 116.82
356.95 123.31
356.95 129.8
356.95 136.29
356.95 142.78
356.95 149.27
356.95 155.76
356.95 311.52
356.95 318.01
356.95 324.5
356.95 330.99
356.95 356.95
356.95 363.44
356.95 369.93
363.44 84.37
363.44 90.86
363.44 97.35
363.44 103.84
363.44 110.33
363.44 116.82
363.44 123.31
363.44 129.8
363.44 136.29
363.44 142.78
363.44 149.27
363.44 298.54
363.44 305.03
363.44 311.52
363.44 318.01
363.44 324.5
363.44 350.46
363.44 356.95
363.44 363.44
369.93 90.86
369.93 97.35
369.93 103.84
369.93 110.33
369.93 116.82
369.93 123.31
369.93 129.8
369.93 136.29
369.93 142.78
369.93 292.05
369.93 298.54
369.93 305.03
369.93 311.52
369.93 343.97
369.93 350.46
369.93 356.95
376.42 97.35
376.42 103.84
376.42 110.33
376.42 116.82
376.42 123.31
376.42 129.8
376.42 136.29
376.42 292.05
376.42 298.54
376.42 305.03
376.42 337.48
376.42 343.97
382.91 103.84
382.91 110.33
382.91 116.82
382.91 123.31
382.91 292.05
382.91 337.48
382.91 343.97
389.4 337.48
421.85 298.54
434.83 129.8
447.81 350.46
447.81 356.95
447.81 363.44
454.3 330.99
454.3 337.48
454.3 343.97
454.3 350.46
454.3 356.95
454.3 363.44
460.79 292.05
460.79 311.52
460.79 318.01
460.79 324.5
460.79 330.99
460.79 337.48
460.79 343.97
460.79 350.46
460.79 356.95
467.28 305.03
467.28 311.52
467.28 318.01
467.28 324.5
467.28 330.99
467.28 337.48
467.28 343.97
467.28 350.46
467.28 356.95
473.77 298.54
473.77 305.03
473.77 311.52
473.77 318.01
473.77 324.5
473.77 330.99
473.77 337.48
473.77 343.97
473.77 350.46
480.26 292.05
480.26 298.54
480.26 305.03
480.26 311.52
480.26 318.01
480.26 324.5
480.26 330.99
480.26 337.48
480.26 343.97
486.75 285.56
486.75 292.05
486.75 298.54
486.75 305.03
486.75 311.52
486.75 318.01
486.75 324.5
486.75 330.99
486.75 337.48
486.75 343.97
493.24 110.33
493.24 279.07
493.24 285.56
493.24 292.05
493.24 298.54
493.24 305.03
493.24 311.52
493.24 318.01
493.24 324.5
493.24 330.99
499.73 97.35
499.73 103.84
499.73 110.33
499.73 116.82
499.73 123.31
499.73 129.8
499.73 253.11
499.73 272.58
499.73 279.07
499.73 285.56
499.73 292.05
499.73 298.54
499.73 305.03
499.73 311.52
499.73 318.01
499.73 324.5
506.22 84.37
506.22 90.86
506.22 97.35
506.22 103.84
506.22 110.33
506.22 116.82
506.22 123.31
506.22 129.8
506.22 136.29
506.22 142.78
506.22 266.09
506.22 272.58
506.22 279.07
506.22 285.56
506.22 292.05
506.22 298.54
506.22 305.03
506.22 311.52
512.71 84.37
512.71 90.86
512.71 97.35
512.71 103.84
512.71 110.33
512.71 116.82
512.71 123.31
512.71 129.8
512.71 136.29
512.71 142.78
512.71 149.27
512.71 259.6
512.71 266.09
512.71 272.58
512.71 279.07
512.71 285.56
512.71 292.05
512.71 298.54
519.2 71.39
519.2 77.88
519.2 84.37
519.2 90.86
519.2 97.35
519.2 103.84
519.2 110.33
519.2 116.82
519.2 123.31
519.2 129.8
519.2 136.29
519.2 142.78
519.2 149.27
519.2 201.19
519.2 259.6
519.2 266.09
519.2 272.58
519.2 279.07
519.2 285.56
525.69 64.9
525.69 71.39
525.69 77.88
525.69 84.37
525.69 90.86
525.69 97.35
525.69 103.84
525.69 110.33
525.69 116.82
525.69 123.31
525.69 129.8
525.69 136.29
525.69 142.78
525.69 149.27
525.69 259.6
525.69 266.09
525.69 369.93
532.18 64.9
532.18 71.39
532.18 77.88
532.18 84.37
532.18 90.86
532.18 97.35
532.18 103.84
532.18 110.33
532.18 116.82
532.18 123.31
532.18 129.8
532.18 136.29
532.18 142.78
532.18 149.27
538.67 58.41
538.67 64.9
538.67 71.39
538.67 77.88
538.67 84.37
538.67 90.86
538.67 97.35
538.67 103.84
538.67 110.33
538.67 116.82
538.67 123.31
538.67 129.8
538.67 136.29
538.67 142.78
538.67 149.27
545.16 51.92
545.16 58.41
545.16 64.9
545.16 71.39
545.16 77.88
545.16 84.37
545.16 90.86
545.16 97.35
545.16 103.84
545.16 110.33
545.16 116.82
545.16 123.31
545.16 129.8
545.16 136.29
545.16 142.78
545.16 149.27
551.65 32.45
551.65 45.43
551.65 51.92
551.65 58.41
551.65 64.9
551.65 71.39
551.65 77.88
551.65 84.37
551.65 90.86
551.65 97.35
551.65 103.84
551.65 110.33
551.65 116.82
551.65 123.31
551.65 129.8
551.65 136.29
551.65 142.78
551.65 149.27
558.14 45.43
558.14 51.92
558.14 58.41
558.14 64.9
558.14 71.39
558.14 77.88
558.14 84.37
558.14 90.86
558.14 97.35
558.14 103.84
558.14 110.33
558.14 116.82
558.14 123.31
558.14 129.8
558.14 136.29
558.14 142.78
558.14 149.27
564.63 38.94
564.63 45.43
564.63 51.92
564.63 58.41
564.63 64.9
564.63 71.39
564.63 77.88
564.63 84.37
564.63 90.86
564.63 97.35
564.63 103.84
564.63 110.33
564.63 116.82
564.63 123.31
564.63 129.8
564.63 136.29
564.63 142.78
564.63 305.03
571.12 38.94
571.12 45.43
571.12 51.92
571.12 58.41
571.12 64.9
571.12 71.39
571.12 77.88
571.12 84.37
571.12 90.86
571.12 97.35
571.12 103.84
571.12 110.33
571.12 116.82
571.12 123.31
571.12 129.8
571.12 136.29
571.12 142.78
577.61 38.94
577.61 45.43
577.61 51.92
577.61 58.41
577.61 64.9
577.61 71.39
577.61 77.88
577.61 84.37
577.61 90.86
577.61 97.35
577.61 103.84
577.61 110.33
577.61 116.82
577.61 123.31
577.61 129.8
577.61 136.29
577.61 142.78
577.61 240.13
584.1 38.94
584.1 45.43
584.1 51.92
584.1 58.41
584.1 64.9
584.1 71.39
584.1 77.88
584.1 84.37
584.1 90.86
584.1 97.35
584.1 103.84
584.1 110.33
584.1 116.82
584.1 123.31
584.1 129.8
584.1 233.64
584.1 259.6
590.59 38.94
590.59 45.43
590.59 51.92
590.59 58.41
590.59 64.9
590.59 71.39
590.59 77.88
590.59 84.37
590.59 90.86
590.59 97.35
590.59 103.84
590.59 110.33
590.59 116.82
590.59 123.31
590.59 129.8
590.59 253.11
590.59 285.56
597.08 32.45
597.08 38.94
597.08 45.43
597.08 51.92
597.08 58.41
597.08 64.9
597.08 71.39
597.08 77.88
597.08 84.37
597.08 90.86
597.08 97.35
597.08 103.84
597.08 110.33
597.08 116.82
597.08 123.31
597.08 227.15
597.08 233.64
597.08 240.13
597.08 246.62
597.08 253.11
603.57 32.45
603.57 38.94
603.57 45.43
603.57 51.92
603.57 58.41
603.57 64.9
603.57 71.39
603.57 77.88
603.57 84.37
603.57 90.86
603.57 97.35
603.57 103.84
603.57 110.33
603.57 220.66
603.57 227.15
603.57 233.64
603.57 240.13
603.57 246.62
603.57 253.11
603.57 259.6
603.57 279.07
610.06 38.94
610.06 45.43
610.06 51.92
610.06 58.41
610.06 64.9
610.06 71.39
610.06 77.88
610.06 84.37
610.06 90.86
610.06 97.35
610.06 136.29
610.06 220.66
610.06 227.15
610.06 233.64
610.06 240.13
610.06 246.62
610.06 253.11
610.06 259.6
610.06 266.09
616.55 45.43
616.55 51.92
616.55 58.41
616.55 64.9
616.55 71.39
616.55 77.88
616.55 84.37
616.55 214.17
616.55 220.66
616.55 227.15
616.55 233.64
616.55 240.13
616.55 246.62
616.55 253.11
616.55 259.6
616.55 266.09
623.04 58.41
623.04 214.17
623.04 220.66
623.04 227.15
623.04 233.64
623.04 240.13
623.04 246.62
623.04 253.11
623.04 259.6
623.04 266.09
629.53 214.17
629.53 220.66
629.53 227.15
629.53 233.64
629.53 240.13
629.53 246.62
629.53 253.11
629.53 259.6
629.53 266.09
636.02 214.17
636.02 220.66
636.02 227.15
636.02 233.64
636.02 240.13
636.02 246.62
636.02 253.11
636.02 259.6
642.51 220.66
642.51 227.15
642.51 233.64
642.51 240.13
642.51 246.62
642.51 253.11
642.51 259.6
642.51 279.07
642.51 382.91
